
---
image_width: 672.
image_height: 376.
camera_name: left
camera_matrix: 
   rows: 3
   cols: 3
   dt: d
   data: [ 3.5955674109102688e+02, 0., 3.4713972320743693e+02, 0.,
       3.5946226714746081e+02, 1.9088884606491882e+02, 0., 0., 1. ]
distortion_model: plumb_bob
distortion_coefficients: 
   rows: 1
   cols: 5
   dt: d
   data: [ -1.6760443695160809e-01, 2.2046755306913322e-02, 0., 0., 0. ]
rectification_matrix: 
   rows: 3
   cols: 3
   dt: d
   data: [ 9.9993860032983817e-01, 1.1888849614961382e-03,
       1.1017355533549326e-02, -1.1671039395414703e-03,
       9.9999735240494991e-01, -1.9831922460069916e-03,
       -1.1019684151490388e-02, 1.9702120796106755e-03,
       9.9993734044967164e-01 ]
projection_matrix: 
   rows: 3
   cols: 4
   dt: d
   data: [ 2.8968255862405465e+02, 0., 3.2856589344569613e+02, 0., 0.,
       2.8968255862405465e+02, 1.6226244225400561e+02, 0., 0., 0., 1.,
       0. ]
