
---
image_width: 1280.
image_height: 1024.
camera_name: right
camera_matrix: 
   rows: 3
   cols: 3
   dt: d
   data: [443.4324360688929, 0, 384.43217376095436,0, 443.6457552510486, 237.71658311005942, 0, 0, 1]
distortion_model: plumb_bob
distortion_coefficients: 
   rows: 1
   cols: 5
   dt: d
   data: [-0.32076956355990927, 0.11503872670957187, 9.899602553190474e-05, 0.0001415576947156244, 0]
rectification_matrix: 
   rows: 3
   cols: 3
   dt: d
   data: [1, 0, 0, 0, 1, 0, 0, 0, 1]
projection_matrix: 
   rows: 3
   cols: 4
   dt: d
   data: [443.4324360688929, 0, 384.43217376095436, -52.946, 0, 443.6457552510486, 237.71658311005942, 0, 0, 0, 1, 0]
