
---
image_width: 672.
image_height: 376.
camera_name: right
camera_matrix: 
   rows: 3
   cols: 3
   dt: d
   data: [ 3.5963802032433171e+02, 0., 3.3564504167690427e+02, 0.,
       3.5948731432733376e+02, 1.9534959442243473e+02, 0., 0., 1. ]
distortion_model: plumb_bob
distortion_coefficients: 
   rows: 1
   cols: 5
   dt: d
   data: [ -1.6927903504484254e-01, 2.3759854929080993e-02, 0., 0., 0. ]
rectification_matrix: 
   rows: 3
   cols: 3
   dt: d
   data: [ 9.9999987849803829e-01, -3.9055476454721963e-04,
       3.0078378353260750e-04, 3.8995943240549325e-04,
       9.9999797011201119e-01, 1.9767912125367936e-03,
       -3.0155521820179193e-04, -1.9766736788792896e-03,
       9.9999800091081059e-01 ]
projection_matrix: 
   rows: 3
   cols: 4
   dt: d
   data: [ 2.8968255862405465e+02, 0., 3.2856589344569613e+02,
       -3.4701125959459723e+01, 0., 2.8968255862405465e+02,
       1.6226244225400561e+02, 0., 0., 0., 1., 0. ]
